4 0.059375 0.49140625 0.11875 0.0484375
4 0.08203125 0.76953125 0.1640625 0.1234375
4 0.14296875 0.65625 0.2859375 0.125
4 0.153125 0.35 0.30625 0.128125
4 0.2078125 0.071875 0.415625 0.14375
4 0.2453125 0.22421875 0.41171875 0.1421875
4 0.315625 0.9 0.39609375 0.12578125
4 0.31015625 0.43046875 0.3296875 0.1171875
4 0.36171875 0.58359375 0.3890625 0.1296875
4 0.3796875 0.803125 0.39453125 0.125
4 0.4890625 0.71640625 0.38828125 0.1140625
4 0.5 0.52578125 0.33828125 0.1234375
4 0.5671875 0.21640625 0.390625 0.1171875
4 0.6875 0.42890625 0.38125 0.1703125
4 0.69921875 0.04375 0.3546875 0.0875
4 0.8140625 0.7328125 0.28359375 0.14140625
4 0.825 0.171875 0.26015625 0.125
4 0.8546875 0.5546875 0.134375 0.06953125
4 0.93125 0.3375 0.13515625 0.08125
4 0.95625 0.09140625 0.084375 0.0578125